31396
25215
26380
26396
6695
7249
14288
13500
14393
4516
30013
7382
7659
13674
5666
5992
6225
17580
27379
21594
26165
2729
32203
20428
29908
10767
26794
28306
24139
32232
12964
6348
9153
2007
27235
16587
22829
20109
7830
12895
26602
28359
20986
28919
24892
11033
5199
12945
31941
3722
29143
2781
10815
25088
26037
3765
6210
18535
31280
30397
21699
14565
11456
3695
25036
20141
13908
29818
4441
21544
26005
29385
30984
14454
8825
5142
18115
25227
28774
27192
30067
923
7178
17347
14582
4483
13127
26053
17213
32042
903
19561
20479
28843
10476
25970
847